1588191680 	; 0 	; 5834 	; 140677576656640 	; 521205 	; -1 	; IWANT
1588191680 	; 0 	; 5834 	; 140677576656640 	; 521205 	; 1 	; IAMIN
1588191681 	; 1 	; 5834 	; 140677576656640 	; 491741 	; -1 	; IWANT
1588191681 	; 1 	; 5834 	; 140677576656640 	; 491741 	; 2 	; IAMIN
1588191682 	; 2 	; 5834 	; 140677576656640 	; 684475 	; -1 	; IWANT
1588191682 	; 2 	; 5834 	; 140677576656640 	; 684475 	; 3 	; IAMIN
1588191683 	; 3 	; 5834 	; 140677576656640 	; 958646 	; -1 	; IWANT
1588191683 	; 3 	; 5834 	; 140677576656640 	; 958646 	; 4 	; IAMIN
1588191684 	; 4 	; 5834 	; 140677576656640 	; 529770 	; -1 	; IWANT
1588191684 	; 4 	; 5834 	; 140677576656640 	; 529770 	; 5 	; IAMIN
1588191685 	; 5 	; 5834 	; 140677576656640 	; 528763 	; -1 	; IWANT
1588191685 	; 5 	; 5834 	; 140677576656640 	; 528763 	; 6 	; IAMIN
1588191686 	; 6 	; 5834 	; 140677576656640 	; 166113 	; -1 	; IWANT
10
10
MAIN
SOURCE: 140677595400000
REQUEST
KILL THIS: 140677595400000
SOURCE: 140677576656640
KILL THIS: 140677576656640
Time: 1
REQUEST
SOURCE: 140677576656640
KILL THIS: 140677576656640
Time: 2
REQUEST
SOURCE: 140677576656640
KILL THIS: 140677576656640
Time: 3
REQUEST
SOURCE: 140677576656640
KILL THIS: 140677576656640
Time: 4
REQUEST
SOURCE: 140677576656640
KILL THIS: 140677576656640
Time: 5
REQUEST
STOPPED 140677576656640
SOURCE: 140677576656640
KILL THIS: 140677576656640
Time: 6
REQUEST
STOPPED 140677571588191686 	; 6 	; 5834 	; 140677576656640 	; 166113 	; 7 	; IAMIN
1588191687 	; 7 	; 5834 	; 140677576656640 	; 432158 	; -1 	; IWANT
1588191687 	; 7 	; 5834 	; 140677576656640 	; 432158 	; 8 	; IAMIN
1588191688 	; 8 	; 5834 	; 140677576656640 	; 547251 	; -1 	; IWANT
1588191688 	; 8 	; 5834 	; 140677576656640 	; 547251 	; 9 	; IAMIN
1588191689 	; 9 	; 5834 	; 140677576656640 	; 662622 	; -1 	; IWANT
1588191689 	; 9 	; 5834 	; 140677576656640 	; 662622 	; 10 	; IAMIN
1588191690 	; 10 	; 5834 	; 140677585110784 	; 563397 	; -1 	; IWANT
1588191691 	; 11 	; 5834 	; 140677585110784 	; 141391 	; -1 	; IWANT
6656640
SOURCE: 140677576656640
KILL THIS: 140677576656640
Time: 7
REQUEST
STOPPED 140677576656640
SOURCE: 140677576656640
KILL THIS: 140677576656640
Time: 8
REQUEST
STOPPED 140677576656640
SOURCE: 140677576656640
KILL THIS: 140677576656640
Time: 9
REQUEST
SOURCE: 140677576656640
STOPPED 140677576656640
KILL THIS: 140677576656640
STOPPED 140677595400000
Time: 10
REQUEST
SOURCE: 140677585110784
KILL THIS: 140677585110784
STOPPED 140677576656640
Time: 11
REQUEST
SOURCE: 140677585110784
KILL THIS: 1406775851101588191691 	; 11 	; 5834 	; 140677585110784 	; 141391 	; 12 	; IAMIN
1588191692 	; 12 	; 5834 	; 140677585110784 	; 289481 	; -1 	; IWANT
1588191692 	; 12 	; 5834 	; 140677585110784 	; 289481 	; 13 	; IAMIN
1588191693 	; 13 	; 5834 	; 140677585110784 	; 661172 	; -1 	; IWANT
1588191694 	; 14 	; 5834 	; 140677585110784 	; 559828 	; -1 	; IWANT
1588191695 	; 15 	; 5834 	; 140677585110784 	; 395913 	; -1 	; IWANT
1588191695 	; 15 	; 5834 	; 140677585110784 	; 395913 	; 16 	; IAMIN
1588191696 	; 16 	; 5834 	; 140677585110784 	; 971918 	; -1 	; IWANT
1588191696 	; 16 	; 5834 	; 140677585110784 	; 971918 	; 17 	; IAMIN
1588191697 	; 17 	; 5834 	; 140677585110784 	; 944981 	; -1 	; IWANT
1588191697 	; 17 	; 5834 	; 140677585110784 	; 944981 	; 18 	; IAMIN
784
STOPPED 140677576656640
Time: 12
REQUEST
SOURCE: 140677585110784
KILL THIS: 140677585110784
STOPPED 140677576656640
Time: 13
REQUEST
SOURCE: 140677585110784
KILL THIS: 140677585110784
STOPPED 140677576656640
Time: 14
REQUEST
SOURCE: 140677585110784
KILL THIS: 140677585110784
STOPPED 140677576656640
Time: 15
REQUEST
SOURCE: 140677585110784
KILL THIS: 140677585110784
Time: 16
REQUEST
SOURCE: 140677585110784
KILL THIS: 140677585110784
Time: 17
REQUEST
SOURCE: 140677585110784
KILL THIS: 140677585110784
Time1588191698 	; 18 	; 5834 	; 140677585110784 	; 169479 	; -1 	; IWANT
1588191698 	; 18 	; 5834 	; 140677585110784 	; 169479 	; 19 	; IAMIN
1588191699 	; 19 	; 5834 	; 140677585110784 	; 627052 	; -1 	; IWANT
1588191699 	; 19 	; 5834 	; 140677585110784 	; 627052 	; -1 	; CLOSD
1588191700 	; 20 	; 5834 	; 140677585110784 	; 365246 	; -1 	; IWANT
1588191700 	; 20 	; 5834 	; 140677585110784 	; 365246 	; -1 	; CLOSD
1588191701 	; 21 	; 5834 	; 140677576656640 	; 865894 	; -1 	; IWANT
1588191701 	; 21 	; 5834 	; 140677576656640 	; 865894 	; -1 	; CLOSD
1588191702 	; 22 	; 5834 	; 140677450696448 	; 682864 	; -1 	; IWANT
1588191702 	; 22 	; 5834 	; 140677450696448 	; 682864 	; -1 	; CLOSD
1588191703 	; 23 	; 5834 	; 140677467604736 	; 408173 	; -1 	; IWANT
1588191703 	; 23 	; 5834 	; 140677467604736 	; 408173 	; -1 	; CLOSD
1588191704 	; 24 	; 5834 	; 140677492967168 	; 866121 	; -1 	; IWANT
1588191704 	; 24 	; 5834 	; 140677492967168 	; 866121 	; -1 	; CLOSD
1588191705 	; 25 	; 5834 	; 140677492967168 	; 722399 	; -1 	; IWANT
1588191705 	; 25 	; 5834 	; 140677492967168 	; 722399 	; -1 	; CLOSD
1588191706 	; 26 	; 5834 	; 140677492967168 	; 543143 	; -1 	; IWANT
1588191706 	; 26 	; 5834 	; 140677492967168 	; 543143 	; -1 	; CLOSD
1588191707 	; 27 	; 5834 	; 140677492967168 	; 35359 	; -1 	; IWANT
1588191707 	; 27 	; 5834 	; 140677492967168 	; 35359 	; -1 	; CLOSD
1588191708 	; 28 	; 5834 	; 140677492967168 	; 846233 	; -1 	; IWANT
1588191708 	; 28 	; 5834 	; 140677492967168 	; 846233 	; -1 	; CLOSD
1588191709 	; 29 	; 5834 	; 140677492967168 	; 443608 	; -1 	; IWANT
1588191709 	; 29 	; 5834 	; 140677492967168 	; 443608 	; -1 	; CLOSD
1588191710 	; 30 	; 5834 	; 140677492967168 	; 645041 	; -1 	; IWANT
1588191710 	; 30 	; 5834 	; 140677492967168 	; 645041 	; -1 	; CLOSD
1588191711 	; 31 	; 5834 	; 140677492967168 	; 191622 	; -1 	; IWANT
1588191711 	; 31 	; 5834 	; 140677492967168 	; 191622 	; -1 	; CLOSD
1588191712 	; 32 	; 5834 	; 140677492967168 	; 925350 	; -1 	; IWANT
1588191712 	; 32 	; 5834 	; 140677492967168 	; 925350 	; -1 	; CLOSD
1588191713 	; 33 	; 5834 	; 140677492967168 	; 153700 	; -1 	; IWANT
1588191713 	; 33 	; 5834 	; 140677492967168 	; 153700 	; -1 	; CLOSD
1588191714 	; 34 	; 5834 	; 140677492967168 	; 964451 	; -1 	; IWANT
1588191714 	; 34 	; 5834 	; 140677492967168 	; 964451 	; -1 	; CLOSD
1588191715 	; 35 	; 5834 	; 140677492967168 	; 279304 	; -1 	; IWANT
1588191715 	; 35 	; 5834 	; 140677492967168 	; 279304 	; -1 	; CLOSD
1588191716 	; 36 	; 5834 	; 140677492967168 	; 672463 	; -1 	; IWANT
1588191716 	; 36 	; 5834 	; 140677492967168 	; 672463 	; -1 	; CLOSD
1588191717 	; 37 	; 5834 	; 140677492967168 	; 130566 	; -1 	; IWANT
1588191717 	; 37 	; 5834 	; 140677492967168 	; 130566 	; -1 	; CLOSD
1588191718 	; 38 	; 5834 	; 140677492967168 	; 525645 	; -1 	; IWANT
1588191718 	; 38 	; 5834 	; 140677492967168 	; 525645 	; -1 	; CLOSD
